<?xml version="1.0" encoding="utf-8"?>
<COLLADA xmlns="http://www.collada.org/2005/11/COLLADASchema" version="1.4.1">
<asset>
	<contributor>
		<author>Anonymous</author>
		<authoring_tool>Collada Exporter for Blender 2.6+, by Juan Linietsky (juan@codenix.com)</authoring_tool>
	</contributor>
	<created>2020-09-19T23:34:30Z</created>
	<modified>2020-09-19T23:34:30Z</modified>
	<unit meter="1.0" name="meter"/>
	<up_axis>Z_UP</up_axis>
</asset>
<library_animation_clips>
	<animation_clip name="Attack_1" start="0.0" end="0.625">
		<instance_animation url="#id-anim-34"/>
		<instance_animation url="#id-anim-35"/>
		<instance_animation url="#id-anim-36"/>
		<instance_animation url="#id-anim-37"/>
		<instance_animation url="#id-anim-38"/>
		<instance_animation url="#id-anim-39"/>
		<instance_animation url="#id-anim-40"/>
		<instance_animation url="#id-anim-41"/>
		<instance_animation url="#id-anim-42"/>
		<instance_animation url="#id-anim-43"/>
		<instance_animation url="#id-anim-44"/>
		<instance_animation url="#id-anim-45"/>
		<instance_animation url="#id-anim-46"/>
		<instance_animation url="#id-anim-47"/>
		<instance_animation url="#id-anim-48"/>
		<instance_animation url="#id-anim-49"/>
		<instance_animation url="#id-anim-50"/>
		<instance_animation url="#id-anim-51"/>
		<instance_animation url="#id-anim-52"/>
		<instance_animation url="#id-anim-53"/>
		<instance_animation url="#id-anim-54"/>
		<instance_animation url="#id-anim-55"/>
		<instance_animation url="#id-anim-56"/>
		<instance_animation url="#id-anim-57"/>
		<instance_animation url="#id-anim-58"/>
		<instance_animation url="#id-anim-59"/>
		<instance_animation url="#id-anim-60"/>
		<instance_animation url="#id-anim-61"/>
		<instance_animation url="#id-anim-62"/>
		<instance_animation url="#id-anim-63"/>
		<instance_animation url="#id-anim-64"/>
		<instance_animation url="#id-anim-65"/>
	</animation_clip>
	<animation_clip name="Drop" start="0.0" end="0.6666666666666666">
		<instance_animation url="#id-anim-66"/>
		<instance_animation url="#id-anim-67"/>
		<instance_animation url="#id-anim-68"/>
		<instance_animation url="#id-anim-69"/>
		<instance_animation url="#id-anim-70"/>
		<instance_animation url="#id-anim-71"/>
		<instance_animation url="#id-anim-72"/>
		<instance_animation url="#id-anim-73"/>
		<instance_animation url="#id-anim-74"/>
		<instance_animation url="#id-anim-75"/>
		<instance_animation url="#id-anim-76"/>
		<instance_animation url="#id-anim-77"/>
		<instance_animation url="#id-anim-78"/>
		<instance_animation url="#id-anim-79"/>
		<instance_animation url="#id-anim-80"/>
		<instance_animation url="#id-anim-81"/>
		<instance_animation url="#id-anim-82"/>
		<instance_animation url="#id-anim-83"/>
		<instance_animation url="#id-anim-84"/>
		<instance_animation url="#id-anim-85"/>
		<instance_animation url="#id-anim-86"/>
		<instance_animation url="#id-anim-87"/>
		<instance_animation url="#id-anim-88"/>
		<instance_animation url="#id-anim-89"/>
		<instance_animation url="#id-anim-90"/>
		<instance_animation url="#id-anim-91"/>
		<instance_animation url="#id-anim-92"/>
		<instance_animation url="#id-anim-93"/>
		<instance_animation url="#id-anim-94"/>
		<instance_animation url="#id-anim-95"/>
		<instance_animation url="#id-anim-96"/>
		<instance_animation url="#id-anim-97"/>
	</animation_clip>
	<animation_clip name="Idle-loop" start="0.0" end="4.166666666666666">
		<instance_animation url="#id-anim-98"/>
		<instance_animation url="#id-anim-99"/>
		<instance_animation url="#id-anim-100"/>
		<instance_animation url="#id-anim-101"/>
		<instance_animation url="#id-anim-102"/>
		<instance_animation url="#id-anim-103"/>
		<instance_animation url="#id-anim-104"/>
		<instance_animation url="#id-anim-105"/>
		<instance_animation url="#id-anim-106"/>
		<instance_animation url="#id-anim-107"/>
		<instance_animation url="#id-anim-108"/>
		<instance_animation url="#id-anim-109"/>
		<instance_animation url="#id-anim-110"/>
		<instance_animation url="#id-anim-111"/>
		<instance_animation url="#id-anim-112"/>
		<instance_animation url="#id-anim-113"/>
		<instance_animation url="#id-anim-114"/>
		<instance_animation url="#id-anim-115"/>
		<instance_animation url="#id-anim-116"/>
		<instance_animation url="#id-anim-117"/>
		<instance_animation url="#id-anim-118"/>
		<instance_animation url="#id-anim-119"/>
		<instance_animation url="#id-anim-120"/>
		<instance_animation url="#id-anim-121"/>
		<instance_animation url="#id-anim-122"/>
		<instance_animation url="#id-anim-123"/>
		<instance_animation url="#id-anim-124"/>
		<instance_animation url="#id-anim-125"/>
		<instance_animation url="#id-anim-126"/>
		<instance_animation url="#id-anim-127"/>
		<instance_animation url="#id-anim-128"/>
		<instance_animation url="#id-anim-129"/>
	</animation_clip>
	<animation_clip name="PoseLib_Char" start="0.041666666666666664" end="0.20833333333333331">
		<instance_animation url="#id-anim-130"/>
		<instance_animation url="#id-anim-131"/>
		<instance_animation url="#id-anim-132"/>
		<instance_animation url="#id-anim-133"/>
		<instance_animation url="#id-anim-134"/>
		<instance_animation url="#id-anim-135"/>
		<instance_animation url="#id-anim-136"/>
		<instance_animation url="#id-anim-137"/>
		<instance_animation url="#id-anim-138"/>
		<instance_animation url="#id-anim-139"/>
		<instance_animation url="#id-anim-140"/>
		<instance_animation url="#id-anim-141"/>
		<instance_animation url="#id-anim-142"/>
		<instance_animation url="#id-anim-143"/>
		<instance_animation url="#id-anim-144"/>
		<instance_animation url="#id-anim-145"/>
		<instance_animation url="#id-anim-146"/>
		<instance_animation url="#id-anim-147"/>
		<instance_animation url="#id-anim-148"/>
		<instance_animation url="#id-anim-149"/>
		<instance_animation url="#id-anim-150"/>
		<instance_animation url="#id-anim-151"/>
		<instance_animation url="#id-anim-152"/>
		<instance_animation url="#id-anim-153"/>
		<instance_animation url="#id-anim-154"/>
		<instance_animation url="#id-anim-155"/>
		<instance_animation url="#id-anim-156"/>
		<instance_animation url="#id-anim-157"/>
		<instance_animation url="#id-anim-158"/>
		<instance_animation url="#id-anim-159"/>
		<instance_animation url="#id-anim-160"/>
		<instance_animation url="#id-anim-161"/>
	</animation_clip>
	<animation_clip name="Run" start="0.0" end="0.6666666666666666">
		<instance_animation url="#id-anim-162"/>
		<instance_animation url="#id-anim-163"/>
		<instance_animation url="#id-anim-164"/>
		<instance_animation url="#id-anim-165"/>
		<instance_animation url="#id-anim-166"/>
		<instance_animation url="#id-anim-167"/>
		<instance_animation url="#id-anim-168"/>
		<instance_animation url="#id-anim-169"/>
		<instance_animation url="#id-anim-170"/>
		<instance_animation url="#id-anim-171"/>
		<instance_animation url="#id-anim-172"/>
		<instance_animation url="#id-anim-173"/>
		<instance_animation url="#id-anim-174"/>
		<instance_animation url="#id-anim-175"/>
		<instance_animation url="#id-anim-176"/>
		<instance_animation url="#id-anim-177"/>
		<instance_animation url="#id-anim-178"/>
		<instance_animation url="#id-anim-179"/>
		<instance_animation url="#id-anim-180"/>
		<instance_animation url="#id-anim-181"/>
		<instance_animation url="#id-anim-182"/>
		<instance_animation url="#id-anim-183"/>
		<instance_animation url="#id-anim-184"/>
		<instance_animation url="#id-anim-185"/>
		<instance_animation url="#id-anim-186"/>
		<instance_animation url="#id-anim-187"/>
		<instance_animation url="#id-anim-188"/>
		<instance_animation url="#id-anim-189"/>
		<instance_animation url="#id-anim-190"/>
		<instance_animation url="#id-anim-191"/>
		<instance_animation url="#id-anim-192"/>
		<instance_animation url="#id-anim-193"/>
	</animation_clip>
</library_animation_clips>
<library_visual_scenes>
	<visual_scene id="id-scene-1" name="scene">
		<node id="lp_guy" name="lp_guy" type="NODE">
			<matrix sid="transform"> 1.0 0.0 0.0 0.0 0.0 1.0 0.0 0.0 0.0 0.0 1.0 1.0460189514560625e-07 0.0 0.0 0.0 1.0  </matrix>
			<node id="id-bone-3" sid="id-skelbones-2-0" name="hips" type="JOINT">
				<matrix sid="transform"> 1.0 2.220446049250313e-16 7.679881264266442e-08 0.0 7.673175161926338e-08 -0.04178241640329361 -0.999126672744751 -0.06098739802837372 3.2088403045804625e-09 0.999126672744751 -0.041782379150390625 0.37197011709213257 0.0 0.0 0.0 1.0  </matrix>
				<node id="id-bone-4" sid="id-skelbones-2-1" name="spine" type="JOINT">
					<matrix sid="transform"> 1.0 9.764944408630072e-09 3.1278339918117126e-08 -6.874766230610687e-17 -1.366271895619775e-08 0.9918835759162903 0.12714967131614685 0.19038808345794678 -2.9782876609374398e-08 -0.12714967131614685 0.9918835163116455 1.862645149230957e-09 0.0 0.0 0.0 1.0  </matrix>
					<node id="id-bone-5" sid="id-skelbones-2-2" name="chest" type="JOINT">
						<matrix sid="transform"> 1.0 1.979181263322971e-08 -4.601073655408072e-08 2.623910076642402e-16 -1.0978519426885214e-08 0.9828908443450928 0.18418897688388824 0.24782897531986237 4.886896931566298e-08 -0.18418899178504944 0.982890784740448 -7.450580596923828e-09 0.0 0.0 0.0 1.0  </matrix>
						<node id="id-bone-6" sid="id-skelbones-2-3" name="neck" type="JOINT">
							<matrix sid="transform"> 1.0 -1.5952819509834626e-08 -5.743014597214824e-08 1.0070588585725558e-15 -2.4159221952352924e-15 0.9635179042816162 -0.26764389872550964 0.17833125591278076 5.960465188081798e-08 0.26764386892318726 0.9635178446769714 -7.17876824651853e-09 0.0 0.0 0.0 1.0  </matrix>
							<node id="id-bone-7" sid="id-skelbones-2-4" name="head" type="JOINT">
								<matrix sid="transform"> 1.0 1.7763568394002505e-15 1.0658142730467397e-14 -9.88149321094058e-23 -1.776356733521132e-15 1.0 -2.980232594040899e-08 0.06109350919723511 -1.0658142730467397e-14 2.980232594040899e-08 1.0 8.881784197001252e-16 0.0 0.0 0.0 1.0  </matrix>
							</node>
						</node>
						<node id="id-bone-8" sid="id-skelbones-2-5" name="shoulder.l" type="JOINT">
							<matrix sid="transform"> -0.3985186815261841 0.917160153388977 -5.9604641222676946e-08 0.0994359627366066 -0.8837002515792847 -0.3839799463748932 -0.26764389872550964 0.16129863262176514 -0.24547232687473297 -0.10666104406118393 0.9635178446769714 -0.004731272347271442 0.0 0.0 0.0 1.0  </matrix>
							<node id="id-bone-9" sid="id-skelbones-2-6" name="arm.l" type="JOINT">
								<matrix sid="transform"> 0.9904596209526062 0.13766542077064514 -0.00617032777518034 0.0 -0.13780364394187927 0.98946613073349 -0.04435073211789131 0.16249197721481323 -2.3120085757000197e-07 0.04477790370583534 0.9989970326423645 2.6645352591003757e-15 0.0 0.0 0.0 1.0  </matrix>
								<node id="id-bone-10" sid="id-skelbones-2-7" name="arm_lower.l" type="JOINT">
									<matrix sid="transform"> 0.9989058375358582 0.046768248081207275 -4.301854232835467e-07 -6.106353822588062e-08 -0.046721357852220535 0.9979038238525391 0.04477791115641594 0.1388222575187683 0.0020946150179952383 -0.04472889378666878 0.9989970326423645 -2.3283064365386963e-09 0.0 0.0 0.0 1.0  </matrix>
									<node id="id-bone-11" sid="id-skelbones-2-8" name="hand.l" type="JOINT">
										<matrix sid="transform"> 0.9998215436935425 -0.018884217366576195 -0.0004940168000757694 3.101576595554434e-08 0.018890678882598877 0.9994794130325317 0.026154594495892525 0.1088961809873581 -1.5064144065490837e-07 -0.026159262284636497 0.9996577501296997 -1.6852652606758056e-10 0.0 0.0 0.0 1.0  </matrix>
										<node id="id-bone-12" sid="id-skelbones-2-9" name="finger.l" type="JOINT">
											<matrix sid="transform"> 0.9824744462966919 0.18636751174926758 0.003335217945277691 -5.940615466215604e-08 -0.1863335818052292 0.9824489951133728 -0.008583849295973778 0.06789370626211166 -0.004876431543380022 0.007811949588358402 0.9999575614929199 -9.313225746154785e-10 0.0 0.0 0.0 1.0  </matrix>
											<node id="id-bone-13" sid="id-skelbones-2-10" name="finger_lower.l" type="JOINT">
												<matrix sid="transform"> 0.9997609853744507 0.021858476102352142 -0.00045526764006353915 2.847575508724276e-08 -0.021859724074602127 0.999011218547821 -0.03871283680200577 0.0496356375515461 -0.0003913861291948706 0.03871353715658188 0.9992502331733704 -6.984919309616089e-10 0.0 0.0 0.0 1.0  </matrix>
											</node>
										</node>
										<node id="id-bone-14" sid="id-skelbones-2-11" name="thumb.l" type="JOINT">
											<matrix sid="transform"> 0.935841977596283 0.2567942440509796 -0.2413640022277832 -0.008799342438578606 -0.352299302816391 0.6637607216835022 -0.6597779989242554 0.019060352817177773 -0.009219266474246979 0.7024803757667542 0.7116434574127197 0.02916736714541912 0.0 0.0 0.0 1.0  </matrix>
											<node id="id-bone-15" sid="id-skelbones-2-12" name="thumb_lower.l" type="JOINT">
												<matrix sid="transform"> 0.998652458190918 -0.046644847840070724 0.022745149210095406 -4.1560486607750136e-08 0.03781338408589363 0.9542331695556641 0.29666316509246826 0.0538189597427845 -0.0355420857667923 -0.295403391122818 0.9547110795974731 2.9802322387695312e-08 0.0 0.0 0.0 1.0  </matrix>
											</node>
										</node>
									</node>
								</node>
							</node>
						</node>
						<node id="id-bone-16" sid="id-skelbones-2-13" name="shoulder.r" type="JOINT">
							<matrix sid="transform"> -0.39851874113082886 -0.917160153388977 -7.450580596923828e-08 -0.0994359627366066 0.8837002515792847 -0.3839799463748932 -0.26764386892318726 0.16129863262176514 0.2454722821712494 -0.10666114836931229 0.9635178446769714 -0.0047312770038843155 0.0 0.0 0.0 1.0  </matrix>
							<node id="id-bone-17" sid="id-skelbones-2-14" name="arm.r" type="JOINT">
								<matrix sid="transform"> 0.9904595613479614 -0.13766542077064514 0.006170293781906366 5.21540641784668e-08 0.13780364394187927 0.9894660711288452 -0.04435073211789131 0.16249199211597443 2.665910869836807e-07 0.044777899980545044 0.998996913433075 -2.220446049250313e-16 0.0 0.0 0.0 1.0  </matrix>
								<node id="id-bone-18" sid="id-skelbones-2-15" name="arm_lower.r" type="JOINT">
									<matrix sid="transform"> 0.9989057779312134 -0.04676827788352966 4.286742409931321e-07 -1.3453846037236872e-08 0.04672139137983322 0.9979038238525391 0.04477790743112564 0.1388222575187683 -0.002094613155350089 -0.04472888633608818 0.9989970326423645 -1.3969838619232178e-09 0.0 0.0 0.0 1.0  </matrix>
									<node id="id-bone-19" sid="id-skelbones-2-16" name="hand.r" type="JOINT">
										<matrix sid="transform"> 0.9998215436935425 0.018884217366576195 0.0004940162179991603 -3.1019155244393914e-08 -0.018890678882598877 0.9994794130325317 0.02615460194647312 0.10889621078968048 1.4973922191074962e-07 -0.026159266009926796 0.9996577501296997 -1.2683187833317788e-11 0.0 0.0 0.0 1.0  </matrix>
										<node id="id-bone-20" sid="id-skelbones-2-17" name="finger.r" type="JOINT">
											<matrix sid="transform"> 0.9824743866920471 -0.18636751174926758 -0.0033352174796164036 5.940201930343392e-08 0.1863335222005844 0.982448935508728 -0.008583860471844673 0.06789367645978928 0.0048764352686703205 0.007811964489519596 0.9999575614929199 0.0 0.0 0.0 0.0 1.0  </matrix>
											<node id="id-bone-21" sid="id-skelbones-2-18" name="finger_lower.r" type="JOINT">
												<matrix sid="transform"> 0.9997609257698059 -0.021858535706996918 0.00045526764006353915 1.3199530357610456e-09 0.021859724074602127 0.9990111589431763 -0.03871283680200577 0.04963565245270729 0.00039138610009104013 0.03871353715658188 0.9992502331733704 -4.656612873077393e-10 0.0 0.0 0.0 1.0  </matrix>
											</node>
										</node>
										<node id="id-bone-22" sid="id-skelbones-2-19" name="thumb.r" type="JOINT">
											<matrix sid="transform"> 0.935841977596283 -0.2567942440509796 0.24136394262313843 0.008799372240900993 0.352299302816391 0.6637604832649231 -0.6597780585289001 0.019060352817177773 0.009219327010214329 0.7024803757667542 0.7116432785987854 0.02916736528277397 0.0 0.0 0.0 1.0  </matrix>
											<node id="id-bone-23" sid="id-skelbones-2-20" name="thumb_lower.r" type="JOINT">
												<matrix sid="transform"> 0.9986525177955627 0.04664504528045654 -0.022745145484805107 -4.036400724771738e-08 -0.03781352564692497 0.9542332291603088 0.296663373708725 0.05381890386343002 0.03554205968976021 -0.2954035997390747 0.9547111392021179 3.725290298461914e-08 0.0 0.0 0.0 1.0  </matrix>
											</node>
										</node>
									</node>
								</node>
							</node>
						</node>
					</node>
				</node>
				<node id="id-bone-24" sid="id-skelbones-2-21" name="leg.l" type="JOINT">
					<matrix sid="transform"> -0.9811694622039795 0.19065089523792267 -0.0309313777834177 0.1278754323720932 -0.19297561049461365 -0.9609693884849548 0.19823673367500305 0.023017466068267822 0.008068430237472057 0.20047350227832794 0.9796650409698486 0.006999278906732798 0.0 0.0 0.0 1.0  </matrix>
					<node id="id-bone-25" sid="id-skelbones-2-22" name="leg_lower.l" type="JOINT">
						<matrix sid="transform"> 0.9903030395507812 0.1361861377954483 0.02744579315185547 -6.044939659943793e-09 -0.1371312141418457 0.9266175031661987 0.35010749101638794 0.16768266260623932 0.02224804274737835 -0.3504761755466461 0.9363073706626892 -2.60770320892334e-08 0.0 0.0 0.0 1.0  </matrix>
						<node id="id-bone-26" sid="id-skelbones-2-23" name="foot.l" type="JOINT">
							<matrix sid="transform"> 0.9984883666038513 0.05474492534995079 -0.004888277966529131 4.6121977348434484e-09 -0.053879547864198685 0.9573618769645691 -0.283822625875473 0.14240185916423798 -0.010857992805540562 0.2836570143699646 0.9588643312454224 6.28642737865448e-09 0.0 0.0 0.0 1.0  </matrix>
							<node id="id-bone-27" sid="id-skelbones-2-24" name="foot_lower.l" type="JOINT">
								<matrix sid="transform"> 1.0 1.498571862157405e-07 -3.482655665720813e-05 -1.834010454615509e-08 -3.4678741940297186e-05 0.09641800075769424 -0.995340883731842 0.07189512997865677 3.2087477848108392e-06 0.995340883731842 0.09641814231872559 6.713293032589718e-09 0.0 0.0 0.0 1.0  </matrix>
								<node id="id-bone-28" sid="id-skelbones-2-25" name="foot_lower.l.001" type="JOINT">
									<matrix sid="transform"> 1.0 4.702863532629609e-13 -1.1540241473539936e-07 -1.4035574480431023e-08 -5.400124791776761e-13 1.0 -1.495624424308062e-08 0.0850396528840065 1.1540237920826257e-07 1.4901161193847656e-08 1.0 7.021299097687006e-10 0.0 0.0 0.0 1.0  </matrix>
								</node>
							</node>
						</node>
					</node>
				</node>
				<node id="id-bone-29" sid="id-skelbones-2-26" name="leg.r" type="JOINT">
					<matrix sid="transform"> -0.9811692833900452 -0.19065091013908386 0.030931243672966957 -0.1278754323720932 0.1929757297039032 -0.9609693884849548 0.1982365846633911 0.023017466068267822 -0.008068091236054897 0.20047348737716675 0.9796648025512695 0.006999259348958731 0.0 0.0 0.0 1.0  </matrix>
					<node id="id-bone-30" sid="id-skelbones-2-27" name="leg_lower.r" type="JOINT">
						<matrix sid="transform"> 0.9903030395507812 -0.1361861377954483 -0.027445772662758827 -1.610652944350477e-08 0.1371311992406845 0.9266175031661987 0.35010749101638794 0.16768266260623932 -0.02224806323647499 -0.35047614574432373 0.9363073110580444 -1.0244548320770264e-08 0.0 0.0 0.0 1.0  </matrix>
						<node id="id-bone-31" sid="id-skelbones-2-28" name="foot.r" type="JOINT">
							<matrix sid="transform"> 0.9984883069992065 -0.05474497005343437 0.0048879822716116905 -1.4818265725580204e-08 0.0538795068860054 0.9573618769645691 -0.2838226556777954 0.14240187406539917 0.010858292691409588 0.2836570143699646 0.9588643312454224 4.889443516731262e-09 0.0 0.0 0.0 1.0  </matrix>
							<node id="id-bone-32" sid="id-skelbones-2-29" name="foot_lower.r" type="JOINT">
								<matrix sid="transform"> 1.0 1.5066527225826576e-07 -3.483487671473995e-05 -1.846254527038127e-08 -3.468710565357469e-05 0.09641788899898529 -0.9953410625457764 0.07189512997865677 3.208741418347927e-06 0.9953410029411316 0.09641791880130768 1.021047069116321e-08 0.0 0.0 0.0 1.0  </matrix>
								<node id="id-bone-33" sid="id-skelbones-2-30" name="foot_lower.r.001" type="JOINT">
									<matrix sid="transform"> 1.0 -1.7772511706672794e-13 -1.1542793743046786e-07 8.650715699332068e-10 8.526512829121202e-14 1.0 7.056560225038311e-09 0.08503967523574829 1.1543214384346356e-07 -6.984919309616089e-09 1.0 7.594280759803951e-11 0.0 0.0 0.0 1.0  </matrix>
								</node>
							</node>
						</node>
					</node>
				</node>
			</node>
		</node>
	</visual_scene>
</library_visual_scenes>
<library_animations>
	<animation id="id-anim-34">
		<source id="id-anim-34-input">
			<float_array id="id-anim-34-input-array" count="16"> 0.0 0.041666666666666664 0.08333333333333333 0.125 0.16666666666666666 0.20833333333333331 0.25 0.29166666666666663 0.3333333333333333 0.375 0.41666666666666663 0.4583333333333333 0.5 0.5416666666666666 0.5833333333333333 0.625</float_array>
			<technique_common>
				<accessor source="#id-anim-34-input-array" count="16" stride="1">
					<param name="TIME" type="float"/>
				</accessor>
			</technique_common>
		</source>
		<source id="id-anim-34-transform-output">
			<float_array id="id-anim-34-transform-output-array" count="256">  1.0 0.0 0.0 0.0 0.0 1.0 0.0 0.0 0.0 0.0 1.0 1.0460189514560625e-07 0.0 0.0 0.0 1.0    1.0 0.0 0.0 0.0 0.0 1.0 0.0 0.0 0.0 0.0 1.0 1.0460189514560625e-07 0.0 0.0 0.0 1.0    1.0 0.0 0.0 0.0 0.0 1.0 0.0 0.0 0.0 0.0 1.0 1.0460189514560625e-07 0.0 0.0 0.0 1.0    1.0 0.0 0.0 0.0 0.0 1.0 0.0 0.0 0.0 0.0 1.0 1.0460189514560625e-07 0.0 0.0 0.0 1.0    1.0 0.0 0.0 0.0 0.0 1.0 0.0 0.0 0.0 0.0 1.0 1.0460189514560625e-07 0.0 0.0 0.0 1.0    1.0 0.0 0.0 0.0 0.0 1.0 0.0 0.0 0.0 0.0 1.0 1.0460189514560625e-07 0.0 0.0 0.0 1.0    1.0 0.0 0.0 0.0 0.0 1.0 0.0 0.0 0.0 0.0 1.0 1.0460189514560625e-07 0.0 0.0 0.0 1.0    1.0 0.0 0.0 0.0 0.0 1.0 0.0 0.0 0.0 0.0 1.0 1.0460189514560625e-07 0.0 0.0 0.0 1.0    1.0 0.0 0.0 0.0 0.0 1.0 0.0 0.0 0.0 0.0 1.0 1.0460189514560625e-07 0.0 0.0 0.0 1.0    1.0 0.0 0.0 0.0 0.0 1.0 0.0 0.0 0.0 0.0 1.0 1.0460189514560625e-07 0.0 0.0 0.0 1.0    1.0 0.0 0.0 0.0 0.0 1.0 0.0 0.0 0.0 0.0 1.0 1.0460189514560625e-07 0.0 0.0 0.0 1.0    1.0 0.0 0.0 0.0 0.0 1.0 0.0 0.0 0.0 0.0 1.0 1.0460189514560625e-07 0.0 0.0 0.0 1.0    1.0 0.0 0.0 0.0 0.0 1.0 0.0 0.0 0.0 0.0 1.0 1.0460189514560625e-07 0.0 0.0 0.0 1.0    1.0 0.0 0.0 0.0 0.0 1.0 0.0 0.0 0.0 0.0 1.0 1.0460189514560625e-07 0.0 0.0 0.0 1.0    1.0 0.0 0.0 0.0 0.0 1.0 0.0 0.0 0.0 0.0 1.0 1.0460189514560625e-07 0.0 0.0 0.0 1.0    1.0 0.0 0.0 0.0 0.0 1.0 0.0 0.0 0.0 0.0 1.0 1.0460189514560625e-07 0.0 0.0 0.0 1.0  </float_array>
			<technique_common>
				<accessor source="#id-anim-34-transform-output-array" count="16" stride="16">
					<param name="TRANSFORM" type="float4x4"/>
				</accessor>
			</technique_common>
		</source>
		<source id="id-anim-34-interpolation-output">
			<Name_array id="id-anim-34-interpolation-output-array" count="16"> LINEAR LINEAR LINEAR LINEAR LINEAR LINEAR LINEAR LINEAR LINEAR LINEAR LINEAR LINEAR LINEAR LINEAR LINEAR LINEAR</Name_array>
			<technique_common>
				<accessor source="#id-anim-34-interpolation-output-array" count="16" stride="1">
					<param name="INTERPOLATION" type="Name"/>
				</accessor>
			</technique_common>
		</source>
		<sampler id="id-anim-34-sampler">
			<input semantic="INPUT" source="#id-anim-34-input"/>
			<input semantic="OUTPUT" source="#id-anim-34-transform-output"/>
			<input semantic="INTERPOLATION" source="#id-anim-34-interpolation-output"/>
		</sampler>
		<channel source="#id-anim-34-sampler" target="lp_guy/transform"/>
	</animation>
	<animation id="id-anim-35">
		<source id="id-anim-35-input">
			<float_array id="id-anim-35-input-array" count="16"> 0.0 0.041666666666666664 0.08333333333333333 0.125 0.16666666666666666 0.20833333333333331 0.25 0.29166666666666663 0.3333333333333333 0.375 0.41666666666666663 0.4583333333333333 0.5 0.5416666666666666 0.5833333333333333 0.625</float_array>
			<technique_common>
				<accessor source="#id-anim-35-input-array" count="16" stride="1">
					<param name="TIME" type="float"/>
				</accessor>
			</technique_common>
		</source>
		<source id="id-anim-35-transform-output">
			<float_array id="id-anim-35-transform-output-array" count="256">  1.0 2.220446049250313e-16 7.679881264266442e-08 0.0 7.673175161926338e-08 -0.04178241640329361 -0.999126672744751 -0.06098739802837372 3.2088403045804625e-09 0.999126672744751 -0.041782379150390625 0.37197011709213257 0.0 0.0 0.0 1.0    0.9999015927314758 -0.0005862012039870024 -0.014017532579600811 0.0 -0.014029783196747303 -0.04177830368280411 -0.9990283250808716 -0.06098739802837372 3.434251993894577e-09 0.999126672744751 -0.041782379150390625 0.37197011709213257 0.0 0.0 0.0 1.0    0.9984925389289856 -0.0022933329455554485 -0.05483952537178993 0.0 -0.05488745495676994 -0.041719432920217514 -0.9976205229759216 -0.06098739802837372 4.190951585769653e-09 0.999126672744751 -0.041782379150390625 0.37197011709213257 0.0 0.0 0.0 1.0    0.9935355186462402 -0.0047432188875973225 -0.11342272907495499 0.0 -0.11352185159921646 -0.04151231423020363 -0.9926678538322449 -0.06098739802837372 5.122274160385132e-09 0.999126672744751 -0.04178238287568092 0.37197011709213257 0.0 0.0 0.0 1.0    0.9851382374763489 -0.007176680024713278 -0.1716131716966629 0.0 -0.17176315188407898 -0.04116145893931389 -0.9842779040336609 -0.06098739802837372 5.587935447692871e-09 0.999126672744751 -0.04178238287568092 0.37197011709213257 0.0 0.0 0.0 1.0    0.9772944450378418 -0.008853091858327389 -0.21170060336589813 0.0 -0.21188563108444214 -0.0408337228000164 -0.976440966129303 -0.06098739802837372 4.6566128730773926e-09 0.999126672744751 -0.041782379150390625 0.37197011709213257 0.0 0.0 0.0 1.0    0.9742255210876465 -0.00942511297762394 -0.2253790944814682 0.0 -0.22557607293128967 -0.040705498307943344 -0.9733747243881226 -0.06098739802837372 6.51925802230835e-09 0.999126672744751 -0.041782379150390625 0.37197011709213257 0.0 0.0 0.0 1.0    0.9851373434066772 -0.007783936336636543 -0.17159192264080048 0.0 -0.17176727950572968 -0.04817642271518707 -0.9839588403701782 -0.06098739802837372 -0.0006076055578887463 0.9988084435462952 -0.04879738762974739 0.37197011709213257 0.0 0.0 0.0 1.0    0.998492419719696 -0.002900388091802597 -0.054813120514154434 0.0 -0.05488643795251846 -0.06381173431873322 -0.9964514374732971 -0.06098739802837372 -0.0006076226709410548 0.997957706451416 -0.06387469172477722 0.37197011709213257 0.0 0.0 0.0 1.0    1.0 2.220446049250313e-16 7.679881974809177e-08 0.0 7.660565870537539e-08 -0.07088040560483932 -0.9974847435951233 -0.06098739802837372 5.443531403415136e-09 0.9974847435951233 -0.07088036835193634 0.37197011709213257 0.0 0.0 0.0 1.0    1.0 -1.3824386080329987e-10 7.680070268634154e-08 0.0 7.660767664674495e-08 -0.0690835565328598 -0.9976107478141785 -0.06098739802837372 5.44357980913901e-09 0.9976107478141785 -0.06908351927995682 0.37197011709213257 0.0 0.0 0.0 1.0    1.0 -5.40606781562758e-10 7.680479541249952e-08 0.0 7.661352441346025e-08 -0.06385532766580582 -0.9979591369628906 -0.06098739802837372 5.443899109280892e-09 0.9979591369628906 -0.06385529041290283 0.37197011709213257 0.0 0.0 0.0 1.0    1.0 -1.1190781634695668e-09 7.68069767786983e-08 0.0 7.662194434487901e-08 -0.05633681267499924 -0.9984117746353149 -0.06098739802837372 5.444361406148346e-09 0.9984117746353149 -0.05633677542209625 0.37197011709213257 0.0 0.0 0.0 1.0    1.0 -1.6975747474390346e-09 7.680478830707216e-08 0.0 7.663036427629777e-08 -0.048815060406923294 -0.9988077282905579 -0.06098739802837372 5.444781958630074e-09 0.9988077282905579 -0.04881502315402031 0.37197011709213257 0.0 0.0 0.0 1.0    1.0 -2.0999835204094097e-09 7.68007097917689e-08 0.0 7.663621914844043e-08 -0.043581072241067886 -0.9990498423576355 -0.06098739802837372 5.445045747620725e-09 0.9990498423576355 -0.0435810349881649 0.37197011709213257 0.0 0.0 0.0 1.0    1.0 2.220446049250313e-16 7.679881264266442e-08 0.0 7.673175161926338e-08 -0.04178241640329361 -0.999126672744751 -0.06098739802837372 3.2088403045804625e-09 0.999126672744751 -0.041782379150390625 0.37197011709213257 0.0 0.0 0.0 1.0  </float_array>
			<technique_common>
				<accessor source="#id-anim-35-transform-output-array" count="16" stride="16">
					<param name="TRANSFORM" type="float4x4"/>
				</accessor>
			</technique_common>
		</source>
		<source id="id-anim-35-interpolation-output">
			<Name_array id="id-anim-35-interpolation-output-array" count="16"> LINEAR LINEAR LINEAR LINEAR LINEAR LINEAR LINEAR LINEAR LINEAR LINEAR LINEAR LINEAR LINEAR LINEAR LINEAR LINEAR</Name_array>
			<technique_common>
				<accessor source="#id-anim-35-interpolation-output-array" count="16" stride="1">
					<param name="INTERPOLATION" type="Name"/>
				</accessor>
			</technique_common>
		</source>
		<sampler id="id-anim-35-sampler">
			<input semantic="INPUT" source="#id-anim-35-input"/>
			<input semantic="OUTPUT" source="#id-anim-35-transform-output"/>
			<input semantic="INTERPOLATION" source="#id-anim-35-interpolation-output"/>
		</sampler>
		<channel source="#id-anim-35-sampler" target="id-bone-3/transform"/>
	</animation>
	<animation id="id-anim-36">
		<source id="id-anim-36-input">
			<float_array id="id-anim-36-input-array" count="16"> 0.0 0.041666666666666664 0.08333333333333333 0.125 0.16666666666666666 0.20833333333333331 0.25 0.29166666666666663 0.3333333333333333 0.375 0.41666666666666663 0.4583333333333333 0.5 0.5416666666666666 0.5833333333333333 0.625</float_array>
			<technique_common>
				<accessor source="#id-anim-36-input-array" count="16" stride="1">
					<param name="TIME" type="float"/>
				</accessor>
			</technique_common>
		</source>
		<source id="id-anim-36-transform-output">
			<float_array id="id-anim-36-transform-output-array" count="256">  1.0 9.764944408630072e-09 3.1278339918117126e-08 -6.874766230610687e-17 -1.366271895619775e-08 0.9918835759162903 0.12714967131614685 0.19038808345794678 -2.9782876609374398e-08 -0.12714967131614685 0.9918835163116455 1.862645149230957e-09 0.0 0.0 0.0 1.0    0.9999194741249084 0.001432256423868239 -0.012614482082426548 -1.1792455900661025e-11 0.00021898982231505215 0.9915223121643066 0.12993688881397247 0.1903880387544632 0.01269363984465599 -0.12992919981479645 0.9914419651031494 -1.851958586485125e-10 0.0 0.0 0.0 1.0    0.9987668395042419 0.005802744068205357 -0.04930536076426506 3.6315239704265423e-10 0.0010596656939014792 0.9904276132583618 0.13802871108055115 0.190388023853302 0.04963434487581253 -0.13791073858737946 0.9892001748085022 7.3578121373429894e-09 0.0 0.0 0.0 1.0    0.9947171807289124 0.012599451467394829 -0.1018773764371872 4.071667447647087e-10 0.0027962862513959408 0.9887451529502869 0.1495833396911621 0.1903880536556244 0.10261543840169907 -0.14907799661159515 0.9834864735603333 -2.0881998352706432e-09 0.0 0.0 0.0 1.0    0.9878576993942261 0.01998000219464302 -0.15407148003578186 -1.3384893193801872e-09 0.005150213837623596 0.9869396686553955 0.16100795567035675 0.19038808345794678 0.15527614951133728 -0.1598464399576187 0.974852979183197 -2.168235369026661e-09 0.0 0.0 0.0 1.0    0.981433629989624 0.02545170858502388 -0.19010572135448456 1.4560520567030721e-09 0.007149890996515751 0.9856128096580505 0.16886749863624573 0.19038806855678558 0.19166859984397888 -0.1670914888381958 0.9671316146850586 8.672941476106644e-09 0.0 0.0 0.0 1.0    0.9788865447044373 0.027415411546826363 -0.20255735516548157 9.89817117158509e-10 0.007913482375442982 0.9851388931274414 0.17157796025276184 0.19038808345794678 0.2042510211467743 -0.1695583164691925 0.9641221165657043 -2.9103830456733704e-11 0.0 0.0 0.0 1.0    0.9877601265907288 0.014917946420609951 -0.15526597201824188 2.9103830456733704e-11 -2.876855432987213e-06 0.9954178333282471 0.09562136977910995 0.19038806855678558 0.15598100423812866 -0.09445052593946457 0.9832339882850647 3.5797711461782455e-09 0.0 0.0 0.0 1.0    0.9987591505050659 0.0006448078784160316 -0.04979538172483444 4.656612873077393e-10 -0.0041214469820261 0.9975561499595642 -0.0697474479675293 0.190388023853302 0.049628715962171555 0.0698661059141159 0.9963210225105286 -3.945388016290963e-09 0.0 0.0 0.0 1.0    1.0 -1.122596060554315e-08 3.147987825968812e-08 -4.0181456307620894e-16 1.5706907774415413e-08 0.9892590641975403 -0.14617352187633514 0.19038808345794678 -2.9500824894057587e-08 0.14617350697517395 0.9892590045928955 -3.725290298461914e-09 0.0 0.0 0.0 1.0    1.0 -1.1741212446736427e-08 3.1533982536302574e-08 -1.43982048506075e-16 1.5724223700885887e-08 0.9915871620178223 -0.12944096326828003 0.1903880536556244 -2.974890023210719e-08 0.12944097816944122 0.9915871024131775 0.0 0.0 0.0 0.0 1.0    1.0 -1.3247786867509603e-08 3.1641910425150854e-08 3.7470027081099033e-16 1.575077668292124e-08 0.9967577457427979 -0.08046109974384308 0.19038811326026917 -3.047339092177026e-08 0.08046106994152069 0.9967577457427979 -3.725290298461914e-09 0.0 0.0 0.0 1.0    1.0 -1.5422919830143655e-08 3.166677586818878e-08 2.3592239273284576e-16 1.5726277169392233e-08 0.9999539852142334 -0.009602036327123642 0.19038814306259155 -3.151722083316599e-08 0.00960204005241394 0.9999539256095886 -3.725290298461914e-09 0.0 0.0 0.0 1.0    1.0 -1.759434020698336e-08 3.1537386036006865e-08 1.942890293094024e-16 1.562783680242319e-08 0.9981189966201782 0.061305344104766846 0.190388023853302 -3.25566809067368e-08 -0.061305347830057144 0.9981189370155334 -1.862645149230957e-09 0.0 0.0 0.0 1.0    1.0 -1.909397795429868e-08 3.1357124896658206e-08 1.942890293094024e-16 1.5516251394842584e-08 0.9938899874687195 0.11037559062242508 0.19038806855678558 -3.3273042987502777e-08 -0.11037560552358627 0.9938899278640747 -2.7755575615628914e-17 0.0 0.0 0.0 1.0    1.0 9.764944408630072e-09 3.1278339918117126e-08 -6.874766230610687e-17 -1.366271895619775e-08 0.9918835759162903 0.12714967131614685 0.19038808345794678 -2.9782876609374398e-08 -0.12714967131614685 0.9918835163116455 1.862645149230957e-09 0.0 0.0 0.0 1.0  </float_array>
			<technique_common>
				<accessor source="#id-anim-36-transform-output-array" count="16" stride="16">
					<param name="TRANSFORM" type="float4x4"/>
				</accessor>
			</technique_common>
		</source>
		<source id="id-anim-36-interpolation-output">
			<Name_array id="id-anim-36-interpolation-output-array" count="16"> LINEAR LINEAR LINEAR LINEAR LINEAR LINEAR LINEAR LINEAR LINEAR LINEAR LINEAR LINEAR LINEAR LINEAR LINEAR LINEAR</Name_array>
			<technique_common>
				<accessor source="#id-anim-36-interpolation-output-array" count="16" stride="1">
					<param name="INTERPOLATION" type="Name"/>
				</accessor>
			</technique_common>
		</source>
		<sampler id="id-anim-36-sampler">
			<input semantic="INPUT" source="#id-anim-36-input"/>
			<input semantic="OUTPUT" source="#id-anim-36-transform-output"/>
			<input semantic="INTERPOLATION" source="#id-anim-36-interpolation-output"/>
		</sampler>
		<channel source="#id-anim-36-sampler" target="id-bone-4/transform"/>
	</animation>
	<animation id="id-anim-37">
		<source id="id-anim-37-input">
			<float_array id="id-anim-37-input-array" count="16"> 0.0 0.041666666666666664 0.08333333333333333 0.125 0.16666666666666666 0.20833333333333331 0.25 0.29166666666666663 0.3333333333333333 0.375 0.41666666666666663 0.4583333333333333 0.5 0.5416666666666666 0.5833333333333333 0.625</float_array>
			<technique_common>
				<accessor source="#id-anim-37-input-array" count="16" stride="1">
					<param name="TIME" type="float"/>
				</accessor>
			</technique_common>
		</source>
		<source id="id-anim-37-transform-output">
			<float_array id="id-anim-37-transform-output-array" count="256">  1.0 1.5168854616831595e-08 -4.6773131145982916e-08 2.623910076642402e-16 -8.414164476278074e-09 0.9899859428405762 0.14116623997688293 0.24782897531986237 4.8446068490193284e-08 -0.14116625487804413 0.9899858832359314 -7.450580596923828e-09 0.0 0.0 0.0 1.0    0.9998463988304138 0.002689710585400462 -0.01732046529650688 -8.731149137020111e-11 -2.7069123461842537e-05 0.9883920550346375 0.1519256830215454 0.24782904982566833 0.017528051510453224 -0.15190188586711884 0.9882402420043945 -3.0750015866942704e-09 0.0 0.0 0.0 1.0    0.9976425170898438 0.011605908162891865 -0.06763607263565063 -7.566995918750763e-10 0.0009836675599217415 0.9830753803253174 0.18319863080978394 0.24782906472682953 0.06861753761768341 -0.18283332884311676 0.9807464480400085 -1.2951204553246498e-09 0.0 0.0 0.0 1.0    0.9898802042007446 0.02720210887491703 -0.13927431404590607 1.280568540096283e-09 0.005289176478981972 0.9737008810043335 0.2277689427137375 0.24782893061637878 0.14180733263492584 -0.2262006402015686 0.9637033343315125 7.566995918750763e-09 0.0 0.0 0.0 1.0    0.9767584204673767 0.04592897370457649 -0.20936468243598938 3.4924596548080444e-10 0.012927431613206863 0.9623714685440063 0.2714293897151947 0.24782900512218475 0.2139531522989273 -0.2678275406360626 0.9394108057022095 1.6298145055770874e-08 0.0 0.0 0.0 1.0    0.9645592570304871 0.06068400666117668 -0.2567934989929199 5.6461431086063385e-09 0.020153820514678955 0.9534093737602234 0.301005482673645 0.24782899022102356 0.26309555768966675 -0.29551300406455994 0.9183967709541321 -9.778887033462524e-09 0.0 0.0 0.0 1.0    0.9598042964935303 0.0660615935921669 -0.272784948348999 2.5029294192790985e-09 0.022988151758909225 0.9501371383666992 0.3109838366508484 0.24782900512218475 0.27972719073295593 -0.3047544062137604 0.9104270935058594 -2.3283064365386963e-09 0.0 0.0 0.0 1.0    0.9766401052474976 0.04149923101067543 -0.21083639562129974 -1.3969838619232178e-09 0.008323131129145622 0.9731320142745972 0.23009753227233887 0.24782906472682953 0.21472053229808807 -0.22647728025913239 0.9500542879104614 3.4924596548080444e-10 0.0 0.0 0.0 1.0    0.9976285696029663 0.007011754903942347 -0.06846974045038223 -1.6298145055770874e-09 -0.0036841491237282753 0.9988113045692444 0.04860555753111839 0.24782909452915192 0.06872916221618652 -0.04823802784085274 0.9964684844017029 4.903995431959629e-09 0.0 0.0 0.0 1.0    1.0 -3.931027059422831e-09 -4.7777252376590695e-08 -1.2745671099085145e-15 2.180541081031606e-09 0.9993305802345276 -0.03658340871334076 0.24782894551753998 4.78890811450583e-08 0.03658343851566315 0.9993306398391724 3.725290298461914e-09 0.0 0.0 0.0 1.0    1.0 -3.373842538678673e-09 -4.774592810008471e-08 -1.6653345369377348e-16 2.1625965462845897e-09 0.9996787309646606 -0.025345847010612488 0.24782899022102356 4.7816108406095736e-08 0.025345876812934875 0.9996788501739502 -1.1175870895385742e-08 0.0 0.0 0.0 1.0    1.0 -1.8250778666129008e-09 -4.761877647752044e-08 -2.220446049250313e-16 2.1450716758408817e-09 0.9999774098396301 0.006720840930938721 0.24782904982566833 4.760543248494287e-08 -0.006720840930938721 0.9999774098396301 9.313223525708736e-10 0.0 0.0 0.0 1.0    1.0 3.755331601240641e-10 -4.734923209070985e-08 -4.440892098500626e-16 2.119201703010276e-09 0.9986116290092468 0.05267690122127533 0.24782903492450714 4.730327773927456e-08 -0.052676908671855927 0.998611569404602 -3.725290742551124e-09 0.0 0.0 0.0 1.0    1.0 2.556483913451757e-09 -4.697872313386142e-08 8.881784197001252e-16 2.0840080772188685e-09 0.9951357245445251 0.09851395338773727 0.24782907962799072 4.700203959373539e-08 -0.09851393848657608 0.9951357245445251 -7.450581485102248e-09 0.0 0.0 0.0 1.0    1.0 4.060808578287833e-09 -4.6662002262110036e-08 0.0 2.0530035449439765e-09 0.9914770126342773 0.13028161227703094 0.24782903492450714 4.679334963952897e-08 -0.13028161227703094 0.9914770126342773 -8.326672684688674e-16 0.0 0.0 0.0 1.0    1.0 1.5168854616831595e-08 -4.6773131145982916e-08 2.623910076642402e-16 -8.414164476278074e-09 0.9899859428405762 0.14116623997688293 0.24782897531986237 4.8446068490193284e-08 -0.14116625487804413 0.9899858832359314 -7.450580596923828e-09 0.0 0.0 0.0 1.0  </float_array>
			<technique_common>
				<accessor source="#id-anim-37-transform-output-array" count="16" stride="16">
					<param name="TRANSFORM" type="float4x4"/>
				</accessor>
			</technique_common>
		</source>
		<source id="id-anim-37-interpolation-output">
